8
4
3
8
4
3
8
4
3
internet protocol
8
4
3
client environment
8
4
3

0
6
4

1398
1169
1151

1398
1169
1151

1398
1169
1151

1398
1169
1151

1398
1169
1151

1398
1169
1151

1398
1169
1151
network
1278
991
1462

176
202
380
protocol
294
160
315
protocol
294
160
315
protocol
294
160
315
protocol
294
160
315
protocol
294
160
315
protocol
294
160
315
protocol
294
160
315
animal
414
257
281

176
202
380

176
202
380

1398
1169
1151

176
202
380

1398
1169
1151

1398
1169
1151

176
202
380

176
202
380

176
202
380

176
202
380

176
202
380

176
202
380

176
202
380

176
202
380
