0.15590689624698456
0.11424397306140423
0.11833790223926346
0.1251426191229243
0.1608133626702546
0.11022170421129039
0.09596664532286056
0.11498562379293914
0.3045759427113215
0.1670055063164176
0.10712747134356547
0.21345952511179356
0.12235111721426611
0.2318699814534326
0.09422592619703042
0.09715332591799505
0.07495915015757401
0.16579329148321686
0.048694284345926604
0.07616221624417999
0.17529302012161618
0.12663307017139452
0.21127714746675294
0.1093982522640827
0.16615551304734194
0.18892127025478342
0.06071182426938121
0.1307434342846344
0.12190615734663016
0.11105133653463904
0.1589671850286927
0.13568612739829553
0.17280108501729788
0.17503976706269536
0.1095930737909347
0.08815290711896549
0.1294455056224452
0.16876815645979917
0.10794607929205345
0.09724624892692119
0.09550967261118293
0.13675438629468092
0.09045998568186385
0.1434285455688272
0.21595631158582718
0.0667797095008147
0.15212272569419225
0.1648263605017648
0.17358899205680478
0.11577964519140989
0.16407590635550312
0.09300084801210602
0.11982850489113825
0.1333055344651179
0.1229977546667826
0.18625164790142779
0.11821069857317232
0.13425035748565153
0.08348146547555495
0.1958614956310722
0.12744783197285064
0.17754710534412965
0.16439628198329792
0.18678295279477408
0.10901471084884161
0.17809397071527094
0.08276608994320496
0.08156345221574847
0.14067483929910876
0.12118177047147048
0.11852826248641977
0.07389603794238368
0.1282454056820603
0.09892629114849977
0.06268620803192518
0.08778469356106405
0.09729847019746961
0.1639953243836675
0.11218683158276976
0.07823185758713598
0.11868161982026974
0.09399215946687556
0.1423194100100939
0.14041629490029905
0.08642326947541565
0.1896452593372701
0.16719392828078294
0.1021882426543113
0.14895378573658632
0.09788558711722227
0.10108636371325178
0.12351875016413243
0.12539503359951062
0.13855861375756798
0.13193562267443495
0.16167311827239975
0.17078739586432634
0.0786183418170471
0.15677193391263572
0.061241293808036695
0.20690758294861702
0.11081754957973322
0.10578986369874249
0.09882364047058506
0.16544595997354872
0.1246405073699011
0.14913574010815783
0.10645163001200147
0.11380409372881536
0.1823489511499648
0.19180994737623813
0.1142054268435729
0.15873276289087163
0.17625307588021316
0.14127824939892045
0.1439401466441487
0.12252913516053869
0.11507978768499566
0.07067548328360784
0.18348724557280718
0.13617264157724762
0.12966780071492556
0.1505515630818191
0.20189014698824775
0.14719834445983315
0.1584049966874035
0.09640252768860959
0.16304635519308183
0.02538550389544098
0.1303474714580292
0.07665209545920681
0.11509588939260133
0.0667259059162614
0.1356516793612613
0.07129942429454987
0.1364131779457468
0.21311148912659456
0.06386678193085916
0.14736240147621427
0.13883988496241065
0.24568250078825807
0.1707496944615814
0.1581865317487064
0.08658513778459352
0.18277078513647357
0.12496885488301192
0.11146856939192044
0.1519599663661023
0.09711331905768529
0.10188859584956775
0.10206574311150146
0.09237455204103102
0.11992414466520848
0.08803324504540447
0.12233701852521628
0.14567193073854123
0.1281546169063759
0.08707368958471304
0.12760265977537769
0.12013100286765722
0.09174836124176113
0.11739719909965912
0.0912032934493031
0.1426115309188403
0.08606542593206239
0.11300523347674347
0.23468559721565754
0.14628515365736028
0.14494906527836457
0.12003220516381466
0.11248796084482598
0.1011444708498841
0.10857041973759018
0.2148972908081567
0.13757563127408173
0.16336501125767625
0.1271851878645363
0.19703158923575662
0.18633566178988129
0.0767597217597217
0.11733484776265518
0.19132544962357062
0.1588565625885657
0.1298616985201091
0.09039792872483751
0.15446780988623587
0.14433032885326713
0.13316756367370863
0.1244070377838942
0.1263015875334063
0.13397331151573813
0.10413877323296594
0.1681501340146618
0.13926457788074645
0.1147447353755556
0.10905510316789617
0.16200283296236098
0.1129683916483804
0.15797466383041356
0.1347712576440168
0.14472359203759902
0.09977279953468675
0.16699735145993702
0.07421912253275416
0.12613272182117585
0.13619265040692935
0.16892296594379375
0.14376719813514072
0.10730456572857566
0.21899829734630752
0.1220193607805016
0.07787961909382465
0.17827740629692065
0.15928615779731606
0.1459801448530509
0.11484260200227928
0.060083863504916096
0.10308987248240453
0.17279763979266802
0.11926687521830633
0.23354411918923682
0.11607567315929714
0.10550628699347271
0.13642747922968362
0.15526694360356066
0.12708059120761997
0.11145220681727892
0.10756547592883073
0.14839852140911466
0.12437583011369292
0.09545425383496492
0.20724761475160278
0.15498033883003517
0.15775988954004955
0.20300199842609445
0.14640755828914448
0.1360498348025402
0.1223491190195383
0.16895182833310268
0.15099002098194464
0.087687090042344
0.13084866957715788
0.06643121138393548
0.243164283766279
0.10694761941610964
0.11774378594730452
0.08143970355611457
0.21871451001247452
0.0625219228343348
0.07142857142857142
0.10712137230408385
0.1866779214171174
0.09282200957318125
0.17202941294319488
0.186285725224222
0.1466675862984759
0.190620727714003
0.15213270698229325
0.14983560117109254
0.14371053657853547
0.17403979489818378
0.13535608124787718
0.1460728343427511
0.1909135068577793
0.10766835015137113
0.1409315423827919
0.08676035255498614
0.1806902805151451
0.09491075662975706
0.1196388117412604
0.17027480040989754
0.16846241936930784
0.09588770433924758
0.08778216699936253
0.09769400973219339
0.15801126508979052
0.14868295948008123
0.08783520391810178
0.09694135920148234
0.1102170871543151
0.09434587669586866
0.09538665606185016
0.13787129249883734
0.14437065194149157
0.17438867462087299
0.09395049601588668
0.15006048731508348
0.09440588222053564
0.08469634443834642
0.18678611235754236
0.12385929305014211
0.15332105507637916
0.14228852476811965
0.16542469457517806
0.11762217071328243
0.14429527842559098
0.07165734565997252
0.10875074123737213
0.08910076550990328
0.14269065311570725
0.11792776778513259
0.17800254688708972
0.1536145495709572
0.1042158736698561
0.08081952420443261
0.17093325765930287
0.14149203986704864
0.13488843095138245
0.11394444503297192
0.11076324740472608
0.13345622884296063
0.16180460798717688
0.13885244231684907
0.14186966864399303
0.12243368884050158
0.1396012297773822
0.1325097104028157
0.1100611240680665
0.14501033262749222
0.1279180408624193
0.1606461638185679
0.11663992114461944
0.1421635847929285
0.11765870983654564
0.13961907640958218
0.12213237461418021
0.11047569100730949
0.13360446984956997
0.08989338764451031
0.12196336879703046
0.06989345081142173
0.08496313938418376
0.1480306756667089
0.15715438718044122
0.098505703658626
0.13567088203726357
0.15444035268198564
0.0873805246650403
0.1552832559696123
0.09438328887479831
0.09694981668880877
0.1672716120821011
0.07027230866039054
0.16833333612089701
0.14497112139166018
0.08083154222460866
0.23333657789867523
0.1141904716035986
0.10689979387136718
0.21031382406323812
0.10574349347560805
0.12395769258239368
0.10829419864306884
0.04118591562957824
0.09730218871122451
0.09341436181155215
0.14359023402507792
0.11902818791879674
0.15969851207678415
0.08991558164469804
0.1674214898004554
0.14023355503833335
0.16254138315484734
0.10585766146211086
0.10192015928670388
0.10304177856105796
0.15553371065942623
0.1447465245626424
0.17553278632286817
0.18319944772063246
0.15983631172749602
0.09157490742838088
0.11624197794054245
0.15019959203899316
0.08413877783237006
0.16041313120916006
0.1533292751520337
0.24832755459967876
0.13585233855167003
0.12849871646989816
0.09825520467688952
0.13012831014403464
0.08339879596108009
0.11918471414718713
0.13336905270529434
0.13341879803942486
0.13534345897888442
0.18211941689007857
0.08586290652150481
0.09956621393013172
0.18888254448149583
0.13242170298868655
0.101911180074174
0.19279828820451791
0.1374713669217394
0.15244039521624905
0.08069972756581341
0.11218650659256883
0.15559488525151366
0.12467581009470483
0.215606930921995
0.10999921080563275
0.11779641114428607
0.11492249787024149
0.0968511210069068
0.11051678196491523
0.15532372511569545
0.11077079423486688
0.10983298515526851
0.2051030308906979
0.1931647523096068
0.1714483565522901
0.16290126146792555
0.21836999114654174
0.1268906693130354
0.16565086057042655
0.10013923207948668
0.025713456303241622
0.15948959774673513
0.18674056593561264
0.10664320424528784
0.11276330515377335
0.1579180180525443
0.2077752102688777
0.17048800811463746
0.07363084629752516
0.22506593416192194
0.13724060094997126
0.17730607940297705
0.08205605432754558
0.17272858399815855
0.10390434097770622
0.38378148599792333
0.13170965290629422
0.14494962286877267
0.1302643681975703
0.19785788166526405
0.13447384080382535
0.07490823121276256
0.12093804098666276
0.12085692255783255
0.1551253117314093
0.11802847713627336
0.14430159118938557
0.20570178427341437
0.13465468412566794
